Frame,X,Y,Z,Rotation_1,Rotation_2,Rotation_3
0,10.217760933076043,9.546842189903945,-8.920981916361326,[-0.94149466 -0.30599875  0.1412536 ],[ 0.11934599 -0.69465867 -0.70937005],[ 0.31518939 -0.65101006  0.69053715]
1,10.253648573663748,9.456758347861074,-8.954577950345247,[-0.93836814 -0.31307968  0.1464457 ],[ 0.12324361 -0.69892303 -0.70449813],[ 0.32291832 -0.6430301   0.69443217]
2,10.254088403383705,9.460642935939854,-8.951441603462413,[-0.93849973 -0.31276789  0.14626863],[ 0.12306178 -0.69879939 -0.70465254],[ 0.32260512 -0.64331614  0.69431281]
3,10.177504529321794,9.58080122167398,-8.923792037239002,[-0.94282388 -0.3025506   0.13980793],[ 0.11652688 -0.69223444 -0.7122029 ],[ 0.31225728 -0.65519052  0.68791044]
4,10.177229493070447,9.576605920882393,-8.927781301399188,[-0.94271082 -0.3028513   0.13991927],[ 0.11675184 -0.69238227 -0.71202233],[ 0.31251451 -0.65489532  0.68807471]
5,10.177097680965666,9.576727729987589,-8.92766376656873,[-0.94271749 -0.30283559  0.13990834],[ 0.1167424  -0.6923713  -0.71203455],[ 0.31249792 -0.65491418  0.68806429]
6,10.200638431901254,9.578270990372175,-8.909233301471065,[-0.94253841 -0.30316973  0.14039039],[ 0.11690612 -0.69292048 -0.71147324],[ 0.31297652 -0.65417836  0.68854657]
7,10.198877923434011,9.579532824568393,-8.90848176502844,[-0.94249608 -0.30323335  0.1405371 ],[ 0.11683605 -0.69289986 -0.71150483],[ 0.31313013 -0.65417071  0.68848399]
8,10.256744872714073,9.445687167467517,-8.949932802012986,[-0.93892149 -0.31230028  0.14455094],[ 0.12396173 -0.69877848 -0.70451552],[ 0.32102948 -0.64356598  0.69481141]
9,10.183119220230562,9.583458701294113,-8.914116320528722,[-0.94293277 -0.30254479  0.13908432],[ 0.11697085 -0.6920285  -0.71233025],[ 0.31176212 -0.65541072  0.68792527]
10,10.256472611808046,9.425420828568864,-8.975250504987777,[-0.93902787 -0.31168468  0.1451872 ],[ 0.12281911 -0.6984442  -0.70504692],[ 0.32115748 -0.64422695  0.69413941]
11,10.249899116328715,9.449258518993446,-8.962279682381201,[-0.93864903 -0.31233504  0.14623552],[ 0.12267939 -0.69868643 -0.70483121],[ 0.32231626 -0.64364905  0.69413841]
12,10.246098772829718,9.445727808415246,-8.964474487054476,[-0.93863837 -0.31228902  0.14640209],[ 0.12255948 -0.69877114 -0.70476809],[ 0.3223929  -0.64357941  0.69416739]
13,10.226154859008702,9.579228933096111,-8.889113646013971,[-0.94272342 -0.30293107  0.13966147],[ 0.11759732 -0.693613   -0.71068409],[ 0.3121593  -0.65355472  0.6895091 ]
14,10.248800403477425,9.536332867255151,-8.906815541530454,[-0.94104989 -0.30690154  0.14225521],[ 0.11961694 -0.69528329 -0.70871217],[ 0.31641253 -0.64991738  0.69100689]
15,10.248893131218118,9.536270698717932,-8.906680625732434,[-0.94105795 -0.30689359  0.14221905],[ 0.11963426 -0.69527601 -0.70871639],[ 0.31638201 -0.64992892  0.69101   ]
16,10.297201173453129,9.509414229271034,-8.892035855075632,[-0.93990752 -0.30908702  0.14504849],[ 0.12085922 -0.69851391 -0.7053165 ],[ 0.31932256 -0.64540184  0.6938945 ]
17,10.306660930379522,9.512933906023544,-8.883766854870425,[-0.9396863  -0.31000225  0.14452772],[ 0.12203179 -0.69860066 -0.70502862],[ 0.31952762 -0.64486876  0.6942956 ]
18,10.303438982193263,9.52264882894477,-8.87071323067554,[-0.94001933 -0.30915774  0.14417056],[ 0.12142043 -0.69820089 -0.70553001],[ 0.31878008 -0.6457066   0.6938604 ]
19,10.296462461922726,9.520003302214768,-8.873106113121036,[-0.94030105 -0.30850358  0.14373405],[ 0.12110973 -0.69797566 -0.70580622],[ 0.31806662 -0.64626274  0.69367003]
20,10.322688923759275,9.508185578974942,-8.879951096695422,[-0.93929741 -0.31067674  0.1456034 ],[ 0.12228055 -0.69962691 -0.70396709],[ 0.32057425 -0.64342999  0.69514746]
21,10.301927080077524,9.50090154619842,-8.890893104297428,[-0.93963253 -0.31011988  0.14462493],[ 0.12219807 -0.69889146 -0.70471155],[ 0.31962219 -0.64449701  0.6945972 ]
22,10.32670660552075,9.506325434403115,-8.870728542602748,[-0.93933157 -0.31059262  0.14556247],[ 0.12224479 -0.69963025 -0.70396997],[ 0.32048779 -0.64346696  0.69515311]
23,10.32648039597554,9.504222987070566,-8.871951453021714,[-0.93924658 -0.31077011  0.14573194],[ 0.12230976 -0.69972708 -0.70386244],[ 0.32071199 -0.64327595  0.69522649]
24,10.325898516617018,9.507531065369296,-8.867603728652858,[-0.93924463 -0.31075182  0.14578349],[ 0.12220399 -0.69962213 -0.70398512],[ 0.32075802 -0.64339892  0.69509145]
25,10.310433722071842,9.46544922852592,-8.903402592260198,[-0.93831358 -0.31319313  0.14655267],[ 0.1239173  -0.70023961 -0.70307112],[ 0.32281903 -0.64154077  0.69585438]
26,10.309980716645553,9.468302525107884,-8.90126354661337,[-0.93822374 -0.31336077  0.14676935],[ 0.12390052 -0.70025812 -0.70305563],[ 0.32308648 -0.64143869  0.69582436]
27,10.312415241690829,9.462937673392041,-8.90291322579837,[-0.93827926 -0.31323639  0.14667992],[ 0.12394311 -0.70041044 -0.70289638],[ 0.32290887 -0.64133313  0.69600408]
28,10.305279816367209,9.463414395558353,-8.90522321515628,[-0.93831893 -0.31315211  0.14660609],[ 0.12384122 -0.70023422 -0.70308989],[ 0.32283268 -0.64156667  0.69582416]
29,10.322535161232146,9.513575683637605,-8.86021221670755,[-0.93926904 -0.31058096  0.14599016],[ 0.12182578 -0.69945168 -0.70422001],[ 0.32083039 -0.64366669  0.69481008]
30,10.248289296108425,9.558833044325358,-8.885915448627,[-0.94151954 -0.30567742  0.1417825 ],[ 0.11906915 -0.69543974 -0.7086509 ],[ 0.31521976 -0.65032675  0.69116685]
31,10.251835883180915,9.551688938585743,-8.89309411610293,[-0.94123755 -0.30635459  0.14219261],[ 0.1195261  -0.69590001 -0.70812195],[ 0.31588825 -0.64951524  0.69162459]
32,10.238870120894667,9.536872682507088,-8.906577630192812,[-0.9417769  -0.30528905  0.14090727],[ 0.11908798 -0.69475821 -0.70931592],[ 0.31444287 -0.65123699  0.69066349]
33,10.243550274876354,9.544147177544064,-8.900033648452036,[-0.9413649  -0.30574488  0.14266115],[ 0.11832119 -0.6951505  -0.70905985],[ 0.31596239 -0.65060422  0.69056638]
34,10.25858971215563,9.544678729126552,-8.888528958058433,[-0.9415548  -0.30559766  0.14172027],[ 0.11904264 -0.69542004 -0.70867469],[ 0.31512444 -0.6503853   0.69115523]
35,10.24873605749194,9.543076128338058,-8.898617291915158,[-0.94133432 -0.30583712  0.14266518],[ 0.11846754 -0.69530618 -0.70888275],[ 0.31599864 -0.65039447  0.69074734]
36,10.261332016655574,9.53593463131199,-8.899834798938107,[-0.94088312 -0.30683471  0.14349707],[ 0.11907906 -0.69620683 -0.70789564],[ 0.31711059 -0.64895956  0.69158684]
37,10.250918716325252,9.533398453699567,-8.911007268787412,[-0.94101643 -0.30661819  0.14308516],[ 0.11899609 -0.69575731 -0.70835139],[ 0.31674597 -0.64954372  0.69120543]
38,10.249472327760298,9.53504042537102,-8.910510597419805,[-0.94097303 -0.30675437  0.14307868],[ 0.11906448 -0.69566389 -0.70843165],[ 0.31684918 -0.64957949  0.69112451]
39,10.244897934552457,9.545795852037397,-8.896554062365611,[-0.94146343 -0.30556112  0.14240437],[ 0.11827596 -0.69496141 -0.70925273],[ 0.3156856  -0.6508925   0.69042129]
40,10.24345250130315,9.545726125535573,-8.897267496600483,[-0.94144853 -0.30559991  0.14241969],[ 0.11826988 -0.69490874 -0.70930535],[ 0.31573234 -0.65093051  0.69036408]
41,10.247825471562866,9.546623776385177,-8.895802539140112,[-0.94149134 -0.30553095  0.14228459],[ 0.11835716 -0.69499249 -0.70920873],[ 0.31557193 -0.65087347  0.69049119]
42,10.244384687345585,9.536806095555058,-8.910774467327638,[-0.94105176 -0.30661374  0.1428622 ],[ 0.11899487 -0.69541772 -0.70868499],[ 0.31664146 -0.64990939  0.69090952]
43,10.251546095289264,9.540034755205372,-8.897552952946779,[-0.94152492 -0.30574574  0.14159935],[ 0.11918655 -0.69528476 -0.70878323],[ 0.31515932 -0.65046033  0.69106871]
44,10.250831756930797,9.529248152373697,-8.911714568129433,[-0.94138876 -0.30622459  0.14146977],[ 0.11977437 -0.69550571 -0.70846729],[ 0.31534314 -0.6499987   0.69141912]
45,10.247252816395589,9.531109527617987,-8.910619775233906,[-0.9413486  -0.30625592  0.1416691 ],[ 0.11962014 -0.69544537 -0.70855258],[ 0.31552154 -0.6500485   0.6912909 ]
46,10.246335060959701,9.536333067994882,-8.903303517200497,[-0.94154956 -0.30575275  0.14142024],[ 0.11926783 -0.69516261 -0.70888936],[ 0.31505493 -0.65058758  0.69099652]
47,10.246712497709645,9.540917975766963,-8.899504611585556,[-0.94159824 -0.30567086  0.1412731 ],[ 0.11923434 -0.6949998  -0.70905461],[ 0.31492211 -0.65079997  0.69085705]
48,10.252381661282163,9.535859795030118,-8.901742902332439,[-0.94156531 -0.30576145  0.14129654],[ 0.11941494 -0.69525972 -0.70876935],[ 0.31495214 -0.65047971  0.69114492]
49,10.2537362179574,9.527432626113098,-8.906903038215557,[-0.94132781 -0.30635207  0.14159931],[ 0.11982889 -0.69560861 -0.70835704],[ 0.31550434 -0.6498285   0.69150556]
50,10.253554247357572,9.527998587351927,-8.906191754844354,[-0.94135178 -0.30629421  0.14156511],[ 0.11979126 -0.69557352 -0.70839787],[ 0.3154471  -0.64989333  0.69147074]
51,10.253482076867911,9.527460603688521,-8.906794721060283,[-0.94134098 -0.30632339  0.1415738 ],[ 0.11981823 -0.69559441 -0.70837279],[ 0.3154691  -0.64985721  0.69149465]
52,10.235628740279886,9.530992053611492,-8.913589674526996,[-0.94121117 -0.30627087  0.14254714],[ 0.11883964 -0.69517502 -0.7089491 ],[ 0.31622567 -0.65033056  0.69070362]
53,10.2381395919908,9.523372362064704,-8.921825801017356,[-0.94091455 -0.30700784  0.14291957],[ 0.11934324 -0.69557349 -0.70847351],[ 0.31691799 -0.64955655  0.69111452]
54,10.237772491938024,9.524956275442143,-8.920028867009343,[-0.94093085 -0.30692099  0.14299871],[ 0.11921386 -0.69557306 -0.70849571],[ 0.31691826 -0.64959805  0.69107539]
55,10.234125490534137,9.530787883347461,-8.91395828389025,[-0.94117279 -0.30633516  0.14266235],[ 0.11883237 -0.69523274 -0.70889371],[ 0.3163426  -0.65023857  0.69073668]
56,10.245594763343098,9.534836841468206,-8.90781227955302,[-0.94109603 -0.30641686  0.14299287],[ 0.11880164 -0.69554659 -0.70859094],[ 0.31658241 -0.64986433  0.69097896]
57,10.216365699115322,9.458257396443734,-8.972804472849957,[-0.93949859 -0.31076553  0.14410824],[ 0.1220659  -0.69678977 -0.70681252],[ 0.32006611 -0.64645866  0.69256688]
58,10.228120291198731,9.530292051550102,-8.923560590286476,[-0.9412829  -0.30618904  0.142249  ],[ 0.11885969 -0.69488877 -0.70922632],[ 0.31600456 -0.65067493  0.69048045]
59,10.218803861200175,9.455793972961722,-8.973649082088071,[-0.93932337 -0.31116387  0.14439061],[ 0.12227061 -0.69698341 -0.70658618],[ 0.32050195 -0.64605818  0.692739  ]
60,10.241867811974718,9.544611421928607,-8.896992815376734,[-0.94148764 -0.30557832  0.14220731],[ 0.11838621 -0.69485422 -0.70933935],[ 0.31557208 -0.65099884  0.69037292]
61,10.254985785616949,9.550307341567366,-8.889068753031932,[-0.94133419 -0.30578066  0.14278705],[ 0.11829352 -0.69522988 -0.70898664],[ 0.31606422 -0.65050258  0.69061553]
62,10.267614418887852,9.55970444771975,-8.878503212676755,[-0.94134977 -0.30558822  0.14309592],[ 0.11804644 -0.69551671 -0.70874646],[ 0.31611017 -0.65028636  0.6907981 ]
63,10.267727670149482,9.559665034463585,-8.877705260653059,[-0.94140358 -0.30546295  0.14300939],[ 0.11800469 -0.69550289 -0.70876697],[ 0.3159655  -0.65035999  0.69079497]
64,10.266738814823679,9.558250171527634,-8.878453562966314,[-0.94139691 -0.30548323  0.14300996],[ 0.1180104  -0.69548215 -0.70878638],[ 0.31598323 -0.65037264  0.69077494]
65,10.265381061921238,9.561315760425483,-8.87615594796443,[-0.94148119 -0.30526417  0.14292292],[ 0.11781311 -0.69530156 -0.70899634],[ 0.31580571 -0.65066852  0.69057746]
66,10.233824813015076,9.478764752327411,-8.939687818124622,[-0.93978536 -0.30987132  0.14416395],[ 0.12119329 -0.69656638 -0.70718277],[ 0.31955542 -0.64712831  0.69217721]
67,10.26813896062518,9.559959852678197,-8.874799884255866,[-0.94138329 -0.30545349  0.14316306],[ 0.11784806 -0.69543425 -0.70886038],[ 0.31608437 -0.65043783  0.69066729]
68,10.2614380521344,9.548394984579605,-8.8854956330601,[-0.94114881 -0.30613236  0.14325469],[ 0.1183667  -0.6955259  -0.70868402],[ 0.31658846 -0.65002054  0.69082925]
69,10.256191094155476,9.569230970546837,-8.874576922549341,[-0.94095741 -0.30648403  0.14375913],[ 0.11836731 -0.69572875 -0.70848478],[ 0.31715663 -0.64963763  0.69092881]
70,10.252473324264717,9.481773706485866,-8.93002163959521,[-0.93934467 -0.31072124  0.14520297],[ 0.12150862 -0.69739842 -0.70630808],[ 0.32072924 -0.64582332  0.69285279]
71,10.235292089019426,9.475097018775607,-8.942821226829357,[-0.9395702  -0.31041582  0.14439478],[ 0.1215825  -0.69681803 -0.70686797],[ 0.32003989 -0.6465962   0.69245059]
72,10.23265173848989,9.47284945783909,-8.945965745936524,[-0.93958228 -0.31042791  0.14429016],[ 0.12163045 -0.6967362  -0.70694039],[ 0.3199862  -0.64667858  0.69239847]
73,10.245932046787614,9.542437675342677,-8.897268070222148,[-0.94140967 -0.30575833  0.14233651],[ 0.1184849  -0.69496184 -0.70921744],[ 0.31576759 -0.65079942  0.69047154]
74,10.233693576829882,9.469383762130512,-8.948509024564355,[-0.93960288 -0.31042037  0.14417222],[ 0.12174682 -0.69680434 -0.70685318],[ 0.31988146 -0.64660878  0.69251205]
75,10.235767039132337,9.47001219128446,-8.946626444896266,[-0.93956241 -0.31048052  0.14430638],[ 0.12173373 -0.69688387 -0.70677703],[ 0.32000529 -0.64649418  0.69256183]
76,10.236599755632774,9.46194137215636,-8.956245016666115,[-0.93927836 -0.31117209  0.14466546],[ 0.12219877 -0.6972418  -0.70634364],[ 0.32066124 -0.64577535  0.69292898]
77,10.289077477791379,9.459584458458297,-8.923099995921275,[-0.93820546 -0.31318113  0.14726879],[ 0.12315542 -0.69981198 -0.70363054],[ 0.32342427 -0.64201307  0.69513737]
78,10.269513057751157,9.480992424340718,-8.902896045845452,[-0.93930918 -0.31064343  0.14559851],[ 0.12151924 -0.69814428 -0.70556902],[ 0.32082915 -0.64505443  0.69352248]
79,10.2896663645464,9.467658785065034,-8.91256658939077,[-0.93842785 -0.31258102  0.14712675],[ 0.12264088 -0.69954559 -0.70398522],[ 0.32297428 -0.64259558  0.69480827]
80,10.30021924949279,9.457818236156895,-8.915363014314442,[-0.93790067 -0.31373774  0.14802354],[ 0.12334419 -0.7004109  -0.70300127],[ 0.32423533 -0.64108752  0.69561357]
81,10.29924840183082,9.462118229054028,-8.907968972304307,[-0.93811751 -0.31321409  0.14775814],[ 0.1230158  -0.7002097  -0.70325919],[ 0.32373237 -0.64156318  0.69540926]
82,10.312437536526403,9.462153829425414,-8.899049627519435,[-0.93850449 -0.31270149  0.14638001],[ 0.12366908 -0.70028315 -0.70307145],[ 0.32235895 -0.64173303  0.69589039]
83,10.328822355761389,9.507582659064173,-8.85904658009952,[-0.93941175 -0.31021206  0.14585624],[ 0.12173846 -0.69967422 -0.70401402],[ 0.32044549 -0.64360273  0.69504692]
84,10.327972966342518,9.506956292637195,-8.861448999896798,[-0.93942978 -0.3101927   0.14578127],[ 0.12177604 -0.69966831 -0.70401339],[ 0.32037835 -0.64361848  0.69506328]
85,10.32550765696961,9.509730675256723,-8.86341248749595,[-0.93955874 -0.30991801  0.14553422],[ 0.12163879 -0.69946692 -0.7042372 ],[ 0.32005217 -0.6439696   0.69488831]
86,10.27050563263754,9.533658156071624,-8.888925765021781,[-0.94125998 -0.30631661  0.14212595],[ 0.11963715 -0.69608783 -0.70791856],[ 0.31577936 -0.64933187  0.69184646]
87,10.264139334030737,9.530581530579752,-8.899975499583372,[-0.94126711 -0.3063854   0.14193035],[ 0.11974582 -0.69589535 -0.7080894 ],[ 0.31571692 -0.64950569  0.69171177]
88,10.25686324060095,9.541685368112539,-8.888308251053408,[-0.94178568 -0.30512814  0.14119683],[ 0.11891613 -0.69512003 -0.7089902 ],[ 0.31448161 -0.65092624  0.69093875]
89,10.259918448884854,9.535767325681,-8.889319572225995,[-0.94158575 -0.30560707  0.14149416],[ 0.11924402 -0.69546894 -0.70859285],[ 0.31495577 -0.65032859  0.69128546]
90,10.321427729903005,9.526703703714354,-8.8495345712894,[-0.93958374 -0.30976384  0.14570092],[ 0.12113905 -0.69896352 -0.7048229 ],[ 0.32016828 -0.64459007  0.69425926]
91,10.322251879367577,9.524604149911577,-8.850196845475462,[-0.93952669 -0.30989696  0.1457857 ],[ 0.12123053 -0.69905913 -0.70471235],[ 0.32030104 -0.64442238  0.69435368]
92,10.31727260124713,9.518789746962081,-8.864043939816067,[-0.93908314 -0.31064388  0.14704842],[ 0.12105804 -0.6994015  -0.70440223],[ 0.32166412 -0.64369086  0.69440209]
93,10.294724214114865,9.531720261971,-8.856121111371156,[-0.94003194 -0.30856307  0.14535742],[ 0.1199237  -0.69794515 -0.70603886],[ 0.31930902 -0.64626728  0.69309476]
94,10.2949163640064,9.529945634198999,-8.857034283158347,[-0.94000732 -0.30862835  0.14537803],[ 0.11997324 -0.6979703  -0.70600559],[ 0.31936288 -0.64620895  0.69312433]
95,10.31629067975653,9.51665459887033,-8.867103627235368,[-0.93910716 -0.31061933  0.14694684],[ 0.1211447  -0.69946222 -0.70432703],[ 0.32156135 -0.64363673  0.69449986]
96,10.315533304558873,9.515820968938236,-8.866906522122292,[-0.93908018 -0.31067439  0.14700284],[ 0.12115391 -0.69947553 -0.70431223],[ 0.32163666 -0.64359568  0.69450303]
97,10.260900386796074,9.543129439528434,-8.888649791741642,[-0.9413377  -0.30618278  0.14189939],[ 0.11945163 -0.69557587 -0.7084529 ],[ 0.31561788 -0.64994331  0.69134582]
98,10.260616702626425,9.542165210427683,-8.889457815629157,[-0.94130752 -0.30625466  0.14194451],[ 0.11949425 -0.69561508 -0.70840722],[ 0.31569175 -0.64986749  0.69138337]
99,10.237914606520775,9.561844635633209,-8.874276669392355,[-0.94198777 -0.30468302  0.14080942],[ 0.11835281 -0.69408368 -0.7100989 ],[ 0.3140886  -0.65223929  0.68987843]
100,10.290094223198972,9.536129457357733,-8.852144566058112,[-0.9398959  -0.3088365   0.14565614],[ 0.11985705 -0.69781873 -0.70617513],[ 0.31973424 -0.64627319  0.69289319]
101,10.294037704441022,9.54207652523312,-8.84739742340201,[-0.94033325 -0.30782139  0.14498056],[ 0.11943149 -0.69758368 -0.7064794 ],[ 0.31860554 -0.64701082  0.69272469]
102,10.291214897292527,9.525597009817812,-8.859808229805804,[-0.94005931 -0.3085182   0.14527565],[ 0.11994066 -0.69792831 -0.70605263],[ 0.31922208 -0.64630689  0.69309788]
103,10.308772836465288,9.511934969415869,-8.873894266341672,[-0.93916584 -0.31054946  0.14671933],[ 0.12116959 -0.69928355 -0.70450014],[ 0.32138055 -0.64386454  0.69437237]
104,10.243592625732447,9.53818101253459,-8.904725246174516,[-0.94121533 -0.30626586  0.14253045],[ 0.11887591 -0.69523201 -0.70888713],[ 0.31619966 -0.650272    0.69077066]
105,10.243735402629692,9.540903731625406,-8.90174166227205,[-0.9412665  -0.30610776  0.14253216],[ 0.1187198  -0.69517369 -0.70897049],[ 0.31610598 -0.65040878  0.69068476]
106,10.240611421080331,9.54072764418704,-8.903075391990772,[-0.94134321 -0.30593463  0.14239719],[ 0.11862978 -0.69506412 -0.70909297],[ 0.31591127 -0.65060731  0.69058685]
107,10.240307858797713,9.54107953519815,-8.902751339903853,[-0.94140924 -0.30579659  0.14225711],[ 0.11858514 -0.69498212 -0.70918081],[ 0.31573122 -0.65075979  0.69052552]
108,10.237862242093614,9.542066252478751,-8.904098180483164,[-0.94149441 -0.30561051  0.14209322],[ 0.11848423 -0.69482607 -0.70935056],[ 0.31551507 -0.65101378  0.69038489]
109,10.22688112518475,9.555494567016922,-8.883834976760518,[-0.94242089 -0.30375003  0.13992419],[ 0.11803613 -0.69358226 -0.71064134],[ 0.31290627 -0.65320714  0.68949989]
110,10.251707934895173,9.534596194827715,-8.902435754014398,[-0.94125796 -0.30646716  0.14181441],[ 0.11972169 -0.69553144 -0.70845094],[ 0.31575333 -0.64985683  0.69136527]
111,10.25650221509719,9.536728555064595,-8.898605375990158,[-0.94123517 -0.30647225  0.14195462],[ 0.11968572 -0.69566617 -0.70832472],[ 0.3158349  -0.6497102   0.69146582]
112,10.256884823715659,9.544762131492899,-8.887664925919928,[-0.94146317 -0.30586297  0.14175661],[ 0.11920049 -0.69536429 -0.70870287],[ 0.31533845 -0.65032019  0.69111888]
113,10.254446386238827,9.543576086032807,-8.889586692064858,[-0.94147622 -0.30585122  0.14169529],[ 0.11921429 -0.69531692 -0.70874702],[ 0.31529428 -0.65037636  0.69108618]
114,10.258499674298227,9.541667819455942,-8.890649072738984,[-0.94136777 -0.3060788   0.14192426],[ 0.11934218 -0.69556043 -0.7084865 ],[ 0.3155696  -0.65000881  0.69130628]
115,10.254596191314977,9.547744675553194,-8.883662648406586,[-0.94166265 -0.30536631  0.14150219],[ 0.11887953 -0.69512614 -0.70899034],[ 0.31486364 -0.65080801  0.69087613]
116,10.242571067174072,9.548631831109876,-8.892739438770702,[-0.94148144 -0.30547851  0.14246256],[ 0.11814291 -0.69491356 -0.70932179],[ 0.31568173 -0.65098236  0.69033834]
117,10.225835265238024,9.56639128229427,-8.875866592280323,[-0.94235233 -0.30343501  0.14106478],[ 0.11687529 -0.69347815 -0.71093475],[ 0.31354783 -0.65346404  0.68896481]
118,10.243544739135654,9.563873639137292,-8.867434597136729,[-0.9425748  -0.30324818  0.13997601],[ 0.11769762 -0.69379106 -0.71049366],[ 0.31257001 -0.65321858  0.68964156]
119,10.245429608613897,9.563590152969276,-8.86686782056814,[-0.94252777 -0.30333865  0.14009666],[ 0.11771906 -0.69387543 -0.7104077 ],[ 0.31270375 -0.65308694  0.6897056 ]
120,10.226823940111924,9.556228724498403,-8.885053939797235,[-0.94253562 -0.30354833  0.13958873],[ 0.11805425 -0.69342694 -0.71078989],[ 0.31255367 -0.65346575  0.68941476]
121,10.230276379405097,9.55544057396336,-8.883075450318382,[-0.94246489 -0.3036893   0.13975959],[ 0.11810288 -0.6935634  -0.71064866],[ 0.31274853 -0.6532554   0.68952573]
122,10.232148994138663,9.557450911182158,-8.88009786330049,[-0.94251017 -0.30356408  0.13972625],[ 0.11803314 -0.69357337 -0.71065051],[ 0.31263838 -0.65330301  0.68953058]
123,10.23164379515466,9.55511546120518,-8.883610254461274,[-0.94255992 -0.30352631  0.13947248],[ 0.11813409 -0.69344722 -0.71075684],[ 0.3124502  -0.65345446  0.68947236]
124,10.218767428415317,9.483184616061806,-8.933917532363226,[-0.94076423 -0.30820253  0.14132894],[ 0.12135559 -0.69528033 -0.70841943],[ 0.31659989 -0.6493046   0.69149696]
125,10.233255729385252,9.552981516089364,-8.884939288813953,[-0.94244723 -0.3037502   0.13974634],[ 0.11818268 -0.69360797 -0.7105919 ],[ 0.31277161 -0.65317977  0.68958692]
126,10.237542365137953,9.560650340368309,-8.873181960420032,[-0.94270907 -0.30307089  0.13945483],[ 0.11775456 -0.69338319 -0.71088228],[ 0.31214336 -0.65373373  0.6893466 ]
127,10.234713705260575,9.551229315595437,-8.885141696273786,[-0.94257555 -0.30348919  0.13944764],[ 0.11819745 -0.69360234 -0.71059493],[ 0.31237909 -0.65330705  0.68964425]
128,10.235524836326903,9.552585882527719,-8.883565991696212,[-0.94257701 -0.30346699  0.13948611],[ 0.11816515 -0.6936324  -0.71057096],[ 0.31238691 -0.65328545  0.68966117]
129,10.234230385553508,9.56017802199468,-8.874771396372992,[-0.94284966 -0.30277899  0.13913807],[ 0.11768603 -0.69322522 -0.71104767],[ 0.31174431 -0.65403644  0.68924002]
130,10.232376991727115,9.560965177777867,-8.87565370617755,[-0.94291243 -0.30263173  0.13903306],[ 0.1176048  -0.69313412 -0.71114991],[ 0.31158509 -0.65420113  0.68915572]
131,10.231351421546238,9.559823526002976,-8.876570150286446,[-0.94290554 -0.30265656  0.13902571],[ 0.11762154 -0.69311623 -0.71116459],[ 0.3115996  -0.65420861  0.68914206]
132,10.23293625261384,9.56292848531411,-8.87373752441917,[-0.94287986 -0.30268533  0.13913719],[ 0.11755875 -0.69311294 -0.71117818],[ 0.31170099 -0.65419879  0.68910554]
133,10.255578458636284,9.556266087365412,-8.880198287046078,[-0.94225091 -0.30405159  0.14041315],[ 0.11832938 -0.6944609  -0.70973391],[ 0.31330717 -0.65213242  0.69033465]
134,10.255573213308882,9.560508266856246,-8.87561395955257,[-0.94227637 -0.30393045  0.14050454],[ 0.11810962 -0.69434776 -0.70988119],[ 0.31331352 -0.65230933  0.6901646 ]
135,10.256818129012927,9.559847777495271,-8.875943389771567,[-0.94221803 -0.30407327  0.14058673],[ 0.11819964 -0.69442705 -0.70978864],[ 0.31345498 -0.65215835  0.69024304]
136,10.234817922229968,9.569870011780752,-8.86895927537119,[-0.94306145 -0.30216863  0.13902958],[ 0.1171673  -0.69298216 -0.71137019],[ 0.31129877 -0.65457608  0.68892904]
137,10.229004475228654,9.562000562106567,-8.875905962583378,[-0.94295214 -0.30252093  0.13900485],[ 0.11746097 -0.69297221 -0.71133145],[ 0.31151915 -0.65442387  0.68897403]
138,10.224107269654036,9.558576238062365,-8.881328409559575,[-0.94294029 -0.3026002   0.13891268],[ 0.11756667 -0.69291594 -0.71136881],[ 0.31151516 -0.65444681  0.68895405]
139,10.228075884144674,9.549786607292216,-8.889538904606242,[-0.94260414 -0.30343388  0.1393747 ],[ 0.11812817 -0.69343443 -0.71077031],[ 0.31231901 -0.65351096  0.68947825]
140,10.22365844583219,9.556134492858241,-8.88331501258881,[-0.94286216 -0.30279369  0.13902132],[ 0.11768763 -0.69301927 -0.71124814],[ 0.3117059  -0.65424787  0.68905671]
141,10.21114092888314,9.560355159100476,-8.888277749882963,[-0.94274737 -0.30272956  0.13993645],[ 0.11677726 -0.69266521 -0.71174292],[ 0.31239473 -0.65465237  0.68836023]
142,10.214851004918092,9.562162351147254,-8.884266928136146,[-0.94272389 -0.30273726  0.14007792],[ 0.11672316 -0.69276282 -0.71165678],[ 0.3124858  -0.65454551  0.68842051]
143,10.21044790573581,9.563049539661783,-8.886140346751626,[-0.94275028 -0.30273258  0.13991035],[ 0.11676088 -0.69258456 -0.71182408],[ 0.31239208 -0.65473629  0.68828161]
144,10.21360011056571,9.555099996493553,-8.894307186492458,[-0.94244458 -0.30351656  0.14027085],[ 0.11733576 -0.69305372 -0.7112727 ],[ 0.31309828 -0.65387632  0.68877807]
145,10.284287634234586,9.53016073458784,-8.859897793341547,[-0.94045075 -0.30770376  0.14446721],[ 0.11955777 -0.69724855 -0.7067888 ],[ 0.31821112 -0.64742788  0.6925163 ]
146,10.230602509400839,9.552296729166308,-8.885924422455147,[-0.94252505 -0.30358318  0.13958434],[ 0.11812708 -0.69351432 -0.71069253],[ 0.31255804 -0.65335682  0.68951601]
147,10.230602509400839,9.552296729166308,-8.885924422455147,[-0.94252505 -0.30358318  0.13958434],[ 0.11812708 -0.69351432 -0.71069253],[ 0.31255804 -0.65335682  0.68951601]
148,10.229318321696285,9.551343549155039,-8.888071040619256,[-0.94253775 -0.30358049  0.13950442],[ 0.11816087 -0.69346345 -0.71073656],[ 0.31250697 -0.65341207  0.68948681]
149,10.234034920954217,9.5500868394581,-8.8872871005507,[-0.94239959 -0.30387519  0.13979586],[ 0.11830167 -0.69372658 -0.7104563 ],[ 0.31287015 -0.65299564  0.68971659]
150,10.233225350501282,9.560062086362617,-8.876621780501091,[-0.94255046 -0.30333839  0.13994446],[ 0.11771428 -0.69362616 -0.71065189],[ 0.31263713 -0.6533518   0.68948491]
151,10.260372374036509,9.538829527381239,-8.893800366295519,[-0.94139139 -0.30602141  0.14189135],[ 0.11934785 -0.69561573 -0.70843125],[ 0.31549699 -0.64997665  0.69136966]
152,10.25912789627836,9.528994458561893,-8.9002900666842,[-0.94114936 -0.30664541  0.14214946],[ 0.11979231 -0.69590152 -0.70807548],[ 0.31605012 -0.64937637  0.69168103]
153,10.249040813384081,9.535216569352293,-8.900029077741433,[-0.94151174 -0.30583869  0.1414862 ],[ 0.11929566 -0.69518072 -0.70886692],[ 0.31515741 -0.65052784  0.69100603]
154,10.246843249403982,9.53931545548301,-8.897289688075075,[-0.94159505 -0.3056309   0.14138078],[ 0.11912292 -0.69500313 -0.70907008],[ 0.31497381 -0.65081519  0.69081915]
155,10.250173179711584,9.529770343592585,-8.905903847253583,[-0.94123998 -0.3065083   0.14184484],[ 0.11971765 -0.69550246 -0.70848008],[ 0.31580846 -0.64986844  0.69132917]
156,10.267469374472181,9.529071733028223,-8.89544253768623,[-0.94095158 -0.30704526  0.14259496],[ 0.11996005 -0.69627553 -0.70767929],[ 0.31657495 -0.64878625  0.69199473]
157,10.266940489617063,9.532506020031775,-8.891479649810446,[-0.9410993  -0.30668822  0.14238832],[ 0.11973525 -0.6960829  -0.70790682],[ 0.31622076 -0.64916172  0.69180452]
158,10.268411893866627,9.532366854720912,-8.890848526302907,[-0.94106606 -0.30674066  0.14249503],[ 0.11971509 -0.69611999 -0.70787376],[ 0.3163273  -0.64909717  0.69181638]
159,10.268722832227162,9.53466860148645,-8.888171798987297,[-0.94105879 -0.30673439  0.14255657],[ 0.11965731 -0.69610673 -0.70789657],[ 0.31637081 -0.64911435  0.69178037]
160,10.249242005649426,9.53838760635336,-8.888866272090434,[-0.9416231  -0.30554243  0.14138515],[ 0.11907481 -0.69505665 -0.7090257 ],[ 0.31490813 -0.65079957  0.6908638 ]
161,10.266755861064148,9.52535382246144,-8.90200075905962,[-0.94075559 -0.30751447  0.14287676],[ 0.12020023 -0.69643027 -0.70748624],[ 0.31706596 -0.64839782  0.69213398]
162,10.269985682413276,9.525317025227796,-8.895454068949515,[-0.94072905 -0.30752363  0.14303172],[ 0.12016707 -0.69658567 -0.70733887],[ 0.31715726 -0.64822653  0.69225259]
163,10.269985682413276,9.525317025227796,-8.895454068949515,[-0.94072905 -0.30752363  0.14303172],[ 0.12016707 -0.69658567 -0.70733887],[ 0.31715726 -0.64822653  0.69225259]
164,10.264417706046524,9.53424932077111,-8.891392685070016,[-0.94080859 -0.30732336  0.14293898],[ 0.11985951 -0.69614272 -0.70782696],[ 0.3170377  -0.64879709  0.69177268]
165,10.267640256026835,9.526713940413158,-8.896043903777663,[-0.94086031 -0.30724777  0.14276092],[ 0.12004713 -0.69637673 -0.70756493],[ 0.31681313 -0.64858172  0.69207745]
166,10.248367407397145,9.539528760285439,-8.884129721627462,[-0.94174072 -0.30525524  0.14122199],[ 0.11890307 -0.69492201 -0.70918648],[ 0.31462116 -0.65107806  0.69073214]
167,10.246379856389169,9.543147813222166,-8.880718591960711,[-0.9418723  -0.30492962  0.14104783],[ 0.11868521 -0.69473779 -0.70940343],[ 0.31430938 -0.65142715  0.69054492]
168,10.23926342072603,9.54627088096125,-8.88461343114,[-0.94228068 -0.3040776   0.1401568 ],[ 0.11836154 -0.69408249 -0.71009862],[ 0.31320547 -0.65252303  0.69001161]
169,10.225417242297194,9.541973220705948,-8.900189930368445,[-0.9417661  -0.30502718  0.14154512],[ 0.11809421 -0.69412848 -0.71009817],[ 0.31484974 -0.65203073  0.68972862]
170,10.243819398301335,9.541533416358973,-8.89039423713251,[-0.94204509 -0.30466633  0.14046166],[ 0.11876719 -0.6944277  -0.70969326],[ 0.31376011 -0.65188081  0.69036657]
171,10.24023282287486,9.548569154788776,-8.88290903630789,[-0.94233315 -0.30396274  0.14005313],[ 0.11830488 -0.69399234 -0.71019616],[ 0.31306897 -0.65267242  0.68993227]
172,10.228339287792146,9.552301666973227,-8.889609009479294,[-0.94207193 -0.30424188  0.1411997 ],[ 0.11757951 -0.69381891 -0.71048601],[ 0.31412662 -0.65272674  0.68939994]
173,10.226320402619283,9.552867819497646,-8.89051793962275,[-0.94212105 -0.30413905  0.14109348],[ 0.11752122 -0.69370146 -0.71061034],[ 0.31400111 -0.65289948  0.68929354]
174,10.254096913373504,9.543155647909858,-8.892282355805943,[-0.94154972 -0.30573432  0.14145898],[ 0.11917137 -0.69505407 -0.70901201],[ 0.31509095 -0.6507122   0.69086274]
175,10.24818737037365,9.547546129557112,-8.887911836337281,[-0.94171722 -0.30530748  0.14126581],[ 0.11880723 -0.69470565 -0.70941448],[ 0.3147277  -0.65128443  0.690489  ]
176,10.245810579575217,9.545148967971475,-8.891600507385567,[-0.94170151 -0.30538416  0.14120477],[ 0.11890886 -0.69469406 -0.7094088 ],[ 0.31473632 -0.65126084  0.69050732]
177,10.250179821400772,9.550314190085231,-8.88093527580509,[-0.94179131 -0.30509419  0.14123266],[ 0.1186568  -0.69469512 -0.70944996],[ 0.3145627  -0.6513956   0.69045933]
178,10.319453648529336,9.521555998018442,-8.852772062749782,[-0.93963639 -0.30965157  0.14559997],[ 0.12113291 -0.69898133 -0.7048063 ],[ 0.32001604 -0.6446247   0.69429729]
179,10.315358471840746,9.520991307282173,-8.860803119382519,[-0.9397167  -0.30922665  0.14598426],[ 0.12039468 -0.69876616 -0.70514607],[ 0.32005882 -0.64506181  0.69387147]
180,10.241266975014987,9.57606949905711,-8.853833942347913,[-0.94236988 -0.30354372  0.14071329],[ 0.11742291 -0.69388673 -0.71044568],[ 0.31329041 -0.65297965  0.68954093]
181,10.241972337823526,9.573274983539276,-8.855450121447001,[-0.94227681 -0.30378274  0.14082069],[ 0.1175962  -0.69401991 -0.71028691],[ 0.31350527 -0.65272691  0.68968256]
182,10.241631462995251,9.573028510045983,-8.85514163188351,[-0.94233268 -0.30364613  0.14074145],[ 0.11753648 -0.6939977  -0.71031849],[ 0.3133597  -0.65281407  0.68966621]
183,10.244509870040364,9.542143312231833,-8.893230312553047,[-0.94123755 -0.30641052  0.14207205],[ 0.11934448 -0.69524764 -0.70879307],[ 0.31595691 -0.65018714  0.69096159]
184,10.257020225267373,9.539971451650146,-8.888250804005457,[-0.94090755 -0.30708609  0.14279749],[ 0.11966796 -0.6959221  -0.70807627],[ 0.3168163  -0.64914602  0.69154672]
185,10.2476102413108,9.546342811411346,-8.885913203923181,[-0.9413394  -0.30611992  0.14202369],[ 0.11910254 -0.69515322 -0.70892636],[ 0.31574471 -0.65042493  0.69083478]
186,10.258593994068134,9.53579693450967,-8.89094051929607,[-0.94087485 -0.30720512  0.14275688],[ 0.11983252 -0.69600111 -0.70797078],[ 0.3168512  -0.64900498  0.69166311]
187,10.262026712647529,9.535161887255533,-8.88865623531681,[-0.94083767 -0.30726741  0.14286782],[ 0.11986684 -0.69614001 -0.70782839],[ 0.3169486  -0.6488265   0.69178592]
188,10.262567850129349,9.5424271917482,-8.877841027464601,[-0.94106619 -0.30667496  0.14263557],[ 0.11943164 -0.69586336 -0.7081739 ],[ 0.31643407 -0.64940331  0.69148017]
189,10.262901751380067,9.537381932925632,-8.885699492058572,[-0.94091399 -0.30707157  0.14278625],[ 0.11973163 -0.6960591  -0.70793084],[ 0.3167731  -0.649006    0.69169792]
190,10.268150019152916,9.537409849546629,-8.884496426309305,[-0.9407055  -0.30756461  0.14309848],[ 0.12002165 -0.6963238  -0.70762134],[ 0.31728216 -0.64848837  0.69195004]
191,10.267675752012217,9.528383849944976,-8.894194532495767,[-0.94053913 -0.30798894  0.14327932],[ 0.12036219 -0.69660114 -0.70729046],[ 0.31764618 -0.64798893  0.69225086]
192,10.256989388401067,9.531645415318032,-8.89830952251702,[-0.94085892 -0.30732142  0.1426115 ],[ 0.12000807 -0.69594556 -0.70799565],[ 0.31683207 -0.64900949  0.69166764]
193,10.256008217653838,9.530739131833766,-8.900012059766674,[-0.94085362 -0.30735173  0.14258116],[ 0.12005453 -0.69594418 -0.70798913],[ 0.31683021 -0.64899662  0.69168057]
194,10.253747302015089,9.531051160052744,-8.900007711428131,[-0.94089129 -0.30728122  0.1424845 ],[ 0.12001902 -0.69583824 -0.70809927],[ 0.31673177 -0.64914358  0.69158773]
195,10.254327609591623,9.530361191460798,-8.900240102272932,[-0.94087588 -0.30731995  0.14250271],[ 0.12006505 -0.69589702 -0.7080337 ],[ 0.31676009 -0.64906224  0.69165111]
196,10.255381438215043,9.529728583115245,-8.900466375714853,[-0.94085465 -0.30735761  0.14256165],[ 0.12008095 -0.69595858 -0.7079705 ],[ 0.31681712 -0.6489784   0.69170366]
197,10.253101185500537,9.529456643007201,-8.90324592397282,[-0.94091358 -0.30724191  0.14242206],[ 0.12004975 -0.69586953 -0.70806331],[ 0.3166539  -0.64912865  0.69163741]
198,10.253992355508487,9.547663850987126,-8.889479536130205,[-0.94140562 -0.30599045  0.14186367],[ 0.1191742  -0.695266   -0.70880371],[ 0.31552015 -0.65036531  0.69099349]
199,10.25996910266836,9.541882372176863,-8.888967647992924,[-0.94118917 -0.30648176  0.14223883],[ 0.11944497 -0.69559528 -0.70843497],[ 0.31606305 -0.6497816   0.69129445]
200,10.260868575244622,9.549562837205283,-8.879353978972258,[-0.94143318 -0.30587412  0.14193162],[ 0.11904247 -0.69529174 -0.7088006 ],[ 0.31548764 -0.65039252  0.69098272]
201,10.258334810779338,9.549565781986017,-8.880472969084195,[-0.94149614 -0.30576297  0.14175341],[ 0.11904451 -0.69520256 -0.70888772],[ 0.31529895 -0.65054009  0.69092993]
202,10.254466304006833,9.548890714691174,-8.884786177773265,[-0.9415726  -0.30562362  0.14154591],[ 0.11899386 -0.69500544 -0.70908949],[ 0.31508967 -0.65081614  0.69076541]
203,10.253989211591847,9.543266111960834,-8.892741182632065,[-0.94139236 -0.30607626  0.14176653],[ 0.119295   -0.69522275 -0.70882581],[ 0.31551407 -0.65037117  0.69099075]
204,10.255813489415072,9.539047732151975,-8.899219512772016,[-0.94119088 -0.30660954  0.14195182],[ 0.11970973 -0.69548507 -0.70849848],[ 0.31595777 -0.64983929  0.69128835]
205,10.252653197172826,9.529364222819797,-8.905699466101627,[-0.94100272 -0.30713598  0.14206117],[ 0.12010703 -0.69560401 -0.70831445],[ 0.31636717 -0.64946328  0.69145446]
206,10.251163798125557,9.539602043252163,-8.894129001252807,[-0.94124929 -0.30649025  0.14182211],[ 0.11957701 -0.69520752 -0.70879323],[ 0.31583401 -0.65019246  0.69101277]
207,10.247187934793285,9.5434280069618,-8.894767492889317,[-0.94143773 -0.30606613  0.14148682],[ 0.11932771 -0.69487247 -0.70916369],[ 0.31536628 -0.65075016  0.69070133]
208,10.252626011834373,9.53570363982632,-8.896729021408248,[-0.94111634 -0.3068108   0.14201118],[ 0.11979567 -0.69542226 -0.70854561],[ 0.31614718 -0.64981152  0.69122786]
209,10.251760214308797,9.525875083130128,-8.908179119724034,[-0.94085902 -0.3074987   0.14222815],[ 0.12032701 -0.69571666 -0.70816647],[ 0.31671076 -0.64917092  0.6915717 ]
210,10.234703839021673,9.471128425899522,-8.939286004264119,[-0.93969558 -0.31058412  0.14321213],[ 0.12250663 -0.69661336 -0.70691015],[ 0.31931855 -0.64673591  0.69265311]
211,10.231550469211099,9.475886123830216,-8.93840414315973,[-0.93969041 -0.31061645  0.14317593],[ 0.12246552 -0.69642217 -0.70710562],[ 0.31934953 -0.64692626  0.69246104]
212,10.256534497416599,9.54137423633713,-8.883716955288902,[-0.94136033 -0.30615492  0.14180935],[ 0.11937358 -0.69532143 -0.70871578],[ 0.3155799  -0.65022863  0.69109482]
213,10.245198345914318,9.548840726328763,-8.877797664891508,[-0.9419787  -0.30479281  0.14063238],[ 0.118725   -0.69439765 -0.70972973],[ 0.31397531 -0.65185371  0.69029432]
214,10.234309465379988,9.55339782561861,-8.881929567575462,[-0.94231219 -0.30406824  0.13996516],[ 0.1182988  -0.69366617 -0.71051576],[ 0.31313437 -0.65296995  0.68962099]
215,10.223070074375787,9.555229938991388,-8.888765532739377,[-0.94211488 -0.3042171   0.14096637],[ 0.11758688 -0.69350935 -0.71078696],[ 0.31399505 -0.65306718  0.68913741]
216,10.241867573391989,9.547469653095149,-8.892903394665163,[-0.94158136 -0.30538801  0.14199541],[ 0.11824076 -0.69453814 -0.70967309],[ 0.31534689 -0.65142531  0.69007348]
217,10.245226411744175,9.544190374430956,-8.897548728758753,[-0.94129268 -0.3060148   0.14255885],[ 0.11853677 -0.6949914  -0.7091798 ],[ 0.31609669 -0.65064729  0.69046433]
218,10.238644284641127,9.552194841827184,-8.891118403153648,[-0.94141301 -0.30567403  0.1424954 ],[ 0.11810872 -0.69457206 -0.70966188],[ 0.31589853 -0.65125498  0.68998193]
219,10.24976038458175,9.562351622365249,-8.879824598995919,[-0.94148487 -0.30536807  0.14267653],[ 0.11782033 -0.69476275 -0.70952315],[ 0.31579205 -0.65119511  0.69008718]
220,10.250002440799475,9.563842151927428,-8.877659065858737,[-0.94144651 -0.30542279  0.14281241],[ 0.11776864 -0.69477721 -0.70951757],[ 0.31592564 -0.65115401  0.69006481]
221,10.245920336712654,9.562041635439607,-8.880895565324664,[-0.94145119 -0.30543956  0.14274573],[ 0.11779284 -0.69469588 -0.70959318],[ 0.31590269 -0.65123291  0.69000086]
222,10.256311423351985,9.555570577088197,-8.88308483958134,[-0.94103661 -0.30637918  0.14346389],[ 0.11835495 -0.69541973 -0.70879017],[ 0.31692617 -0.65001784  0.69067692]
223,10.251847647250509,9.561216865628293,-8.87702241337879,[-0.94140309 -0.30554825  0.1428303 ],[ 0.11792322 -0.69491698 -0.70935499],[ 0.31599738 -0.65094597  0.69022822]
224,10.266771178016857,9.558303137082053,-8.87366095968538,[-0.94091383 -0.30664485  0.14370144],[ 0.11856586 -0.69578266 -0.70839863],[ 0.31721176 -0.64950399  0.69102914]
225,10.239785849802171,9.536984464468413,-8.90069348125426,[-0.94129338 -0.30614276  0.14227923],[ 0.11885606 -0.69500438 -0.70911363],[ 0.3159747  -0.65057322  0.69058995]
226,10.235224823122575,9.546228903904272,-8.887610045958919,[-0.9416918  -0.30516523  0.1417418 ],[ 0.11818646 -0.69439834 -0.70981892],[ 0.31503732 -0.6516787   0.68997562]
227,10.234082624178901,9.544951059929518,-8.888957397654718,[-0.94167238 -0.30521862  0.14175585],[ 0.1182196  -0.69440068 -0.70981112],[ 0.31508293 -0.6516512   0.68998076]
228,10.233895331336951,9.544392366691458,-8.889591610950557,[-0.94164786 -0.30527794  0.14179103],[ 0.11825867 -0.69443837 -0.70976773],[ 0.31514156 -0.65158325  0.69001816]
229,10.235882864005392,9.549217577369308,-8.883219271482544,[-0.94181811 -0.30483768  0.1416073 ],[ 0.11796753 -0.69427626 -0.70997474],[ 0.31474164 -0.65196201  0.68984291]
230,10.231620619914974,9.54942543931088,-8.887338682147528,[-0.94195109 -0.30458951  0.14125642],[ 0.11792095 -0.69404152 -0.71021195],[ 0.31436093 -0.65232783  0.68967065]
